Абрикос 44 0.9 0.1 9
Ананас 52 0.4 0.2 11.8
Апельсин 43 0.9 0.2 8.1
Арахис 552 26.3 45.2 9.9
Арбуз 27 0.7 0.1 5.8
Багет 290 7.5 3.9 53.4
Баклажаны 24 1.2 0.1 4.5
Банан 89 1.1 0.3 23
Банановый_смузи 90 2 0.5 20
Бананы 89 1.1 0.3 23
Баранина 209 16.3 15.3 0
Батон 262 7.7 2.4 50.9
Бобы 57 6 0.1 8.5
Брокколи 34 2.8 0.4 7
Брынза 260 22.5 19.2 0.4
Булгур 342 12.3 1.3 75.9
Булочка 270 7.9 4.7 50.6
Вареники 203 7.7 6.4 32.7
Вафли 424 5.5 19.8 67.2
Вино_белое 66 0.1 0 0.6
Вино_красное 76 0.2 0 0.3
Виноград 72 0.6 0.2 15.4
Виски 250 0 0 0
Вишня 52 0.8 0.5 10.6
Водка 235 0 0 0.1
Гауда 356 25 27 2
Говядина 187 18.9 12.4 0
Горбуша 142 20.5 6.5 0
Горох 298 23 1.2 53.3
Гранаты 72 0.7 0.6 14.5
Грейпфрут 42 0.7 0.2 6.5
Греческий_салат 130 5 10 6
Гречка 343 13 3.4 72
Грибы_белые 34 3.7 1.7 1.1
Грибы_вешенки 38 2.5 2.5 6.5
Грибы_лисички 19 1.5 1 2.2
Грибы_подберезовики 20 2.1 0.8 1.2
Грибы_шампиньоны 27 4.3 1 1
Груша 57 0.4 0.3 10.9
Гусь 364 16.1 33.3 0
Дыня 35 0.6 0.3 7.4
Ежевика 34 1.5 0.5 4.4
Зелень_базилик 27 3.2 0.6 2.6
Зелень_кинза 23 2.1 0.5 3.7
Зелень_петрушка 49 3.7 0.4 7.6
Зелень_укроп 40 2.5 0.5 4.1
Изюм 264 2.9 0.6 66
Индейка 140 25 3 0
Индюшка 140 25 3 0
Инжир 57 0.7 0.2 13.7
Йогурт_натуральный 60 4 3.5 5
Кабачки 24 0.6 0.3 4.6
Какао 374 24.2 17.5 33.4
Кальмары 92 18 1.2 0
Камбала 83 16.5 1.8 0
Капуста_белокочанная 27 1.8 0.1 4.7
Капуста_брокколи 34 2.8 0.4 7
Капуста_брюссельская 43 4.8 0.3 8
Капуста_краснокочанная 31 1.4 0.2 5.2
Капуста_пекинская 16 1.2 0.2 2
Капуста_цветная 30 2.5 0.3 4.2
Картофель 77 2 0.4 16
Картофель_жареный 192 2.8 9.5 23.4
Картофель_запеченный 93 2.5 0.1 21
Картофель_фри 312 3.4 15 42
Картофельное_пюре 106 2.5 4.2 14.7
Квас 27 0.2 0 5
Кета 138 22 5.6 0
Кефир 41 3 0.5 4.7
Киви 61 1 0.6 14.7
Килька 137 17.1 7.1 0
Киноа 368 14.1 6.1 64.2
Клубника 41 0.8 0.4 7.5
Кола 42 0 0 10.4
Коньяк 239 0 0 0.1
Кофе 2 0.1 0 0.3
Краб 96 16 3.6 0
Креветки 85 18 0.8 0
Крыжовник 45 0.7 0.2 9.1
Кукурузная_крупа 337 8.3 1.2 75
Курага 215 5.2 0.3 51
Куриная_грудка 165 31 3.6 0
Курица 165 31 3.6 0
Лаваш 275 9.1 1.2 56.2
Лазанья 132 5.8 4.6 20.6
Лимон 34 0.9 0.1 3
Лосось 208 20 13 0
Лук_зеленый 19 1.3 0 3.2
Лук_репчатый 47 1.4 0 10.4
Макароны 131 5 1.1 25
Малина 52 1.2 0.7 12
Манго 67 0.5 0.3 15
Мандарин 53 0.8 0.3 11.5
Манка 333 10.3 1 73.3
Маргарин 746 0.3 82 1
Масло_оливковое 884 0 99.9 0
Масло_подсолнечное 884 0 99.9 0
Масло_растительное 884 0 99.9 0
Масло_сливочное 748 0.5 82.5 0.8
Маш 347 23.5 2 46
Мед 304 0.3 0 82.4
Мидии 77 11.5 2 3.3
Молоко 60 3.2 3.6 4.7
Морковь 41 0.9 0.2 7
Мороженое 207 3.7 11 23.7
Нут 364 19 6 61
Овощной_салат 43 1.8 0.2 10
Овсяная_каша 350 12 6 57
Овсянка 389 16.9 6.9 66.2
Огурцы 16 0.8 0.1 3
Окунь 91 19.4 0.9 0
Омар 90 18 1.2 0
Омлет 180 12 14 2
Орехи_бразильские 659 14.3 66.4 12.3
Орехи_грецкие 654 15.2 65.2 13.7
Орехи_кедровые 673 13.7 68.4 13.1
Орехи_кешью 600 18.5 48.5 22.5
Орехи_миндаль 609 18.6 53.7 13
Орехи_фисташки 556 20 50 7
Орехи_фундук 628 15 61.5 9.3
Пармезан 431 35.7 29.7 0.9
Пельмени 273 12.4 13 29.7
Перец_болгарский 27 1.3 0 5.3
Перец_острый 40 2 0.2 7.2
Перловка 324 9.3 1.1 73.7
Персик 46 0.9 0.1 11.3
Печенье 417 7.5 11.8 74.9
Пиво 41 0.3 0 3.5
Пирожное 381 4.5 18.5 57.7
Помидоры 18 0.9 0.2 3.9
Попкорн 387 12.9 4.5 77.6
Пряники 351 5.1 2.8 75.8
Пшено 348 11.5 3.3 69.3
Редис 20 1.2 0.1 3.4
Редька 36 1.9 0.2 6.7
Репа 32 1.5 0.1 6.2
Рикотта 174 11 13 3
Рис 130 2.7 0.3 28
Рис_белый 365 6.7 0.7 78.9
Рис_бурый 337 7.4 1.8 72.9
Рис_дикий 357 15 1.1 74.9
Руккола 25 2.6 0.7 2.1
Рыба 120 20 4 0
Салат_латук 15 1.4 0.2 2.9
Сардина 208 24.6 9.6 0
Сахар 387 0 0 99.8
Свекла 43 1.5 0.1 8.8
Свинина 242 16 21.6 0
Сельдь 161 17.7 9.8 0
Семга 208 20 13 0
Семена_кунжута 565 19.4 48.7 12.2
Семена_льна 534 18.3 42.2 28.9
Семена_подсолнечника 601 20.7 52.9 10.5
Семена_тыквенные 556 24.5 45.8 4.7
Семена_чиа 486 16.5 30.7 42.1
Скумбрия 191 18 13.2 0
Слива 49 0.8 0.3 9.6
Сливки 205 2.8 20 4
Сметана 206 2.8 20 3.2
Смородина_красная 43 0.6 0.2 7.7
Смородина_черная 44 1 0.2 7.3
Сок_апельсиновый 45 0.7 0.2 10.4
Сок_томатный 21 1 0.2 3.5
Сок_яблочный 46 0.5 0.1 10.1
Сом 115 16.8 5.1 0
Соя 381 36.5 20 30.2
Спагетти 131 5 1.1 25
Судак 84 18.4 1.1 0
Сухари 390 16 1.3 71.3
Сыр 350 25 27 2
Сыр_моцарелла 280 28 17 3
Сыр_плавленый 290 16.8 27.3 0
Сыр_твердый 363 25 27 0
Творог 120 17 5 3
Творог_жирный 232 14 18 2.8
Творог_обезжиренный 88 18 0.6 1.8
Торт 407 4.4 15.8 62.6
Треска 78 17.8 0.7 0
Тунец 139 24.4 4.6 0
Тыква 28 1.3 0.3 7.7
Устрицы 72 9 2 4.5
Утка 308 16.5 28.6 0
Фасоль 298 21 2 47
Фета 264 14.2 21.3 4.1
Финики 292 2.5 0.5 69.2
Форель 97 19.2 2.1 0
Хлеб_белый 265 9 3.2 49
Хлеб_ржаной 175 6.6 1.2 34.2
Хлеб_цельнозерновой 247 13 4.2 41.3
Хлеб_черный 201 6.6 1.2 40.7
Хлебцы 310 11.2 2.3 57.1
Хуй 100 10 5 20
Хурма 67 0.5 0.4 15.3
Чай_зеленый 1 0.1 0 0.3
Чай_черный 1 0.1 0 0.3
Чеддер 392 25 32 2
Черешня 50 1 0.2 10.6
Черника 57 1 0.5 14.5
Чернослив 256 2.3 0.7 57.5
Чеснок 149 6.5 0.5 29.9
Чечевица 295 24 1.5 52.7
Чипсы 510 6.7 30.5 57.1
Шоколад_белый 554 4.2 32.4 58.2
Шоколад_молочный 550 7.7 35.7 52.4
Шоколад_темный 546 6.2 31.3 48.2
Шпинат 23 2.9 0.3 2
Щука 82 18.4 1.1 0
Яблоко 52 0.3 0.2 14
Яйцо 155 13 11 1.1
Ячневая_крупа 324 10 1.3 73.7
